997
73 42 76 51 57
34 62 24 6 21
14 94 47 1 61
73 11 35 73 18
52 86 70 61 75
39 92 88 29 40
100 21 30 92 36
69 38 78 72 94
10 29 20 28 47
9 56 25 77 62
58 96 40 12 4
27 87 81 24 36
95 9 35 62 38
64 17 85 79 91
14 58 24 94 34
41 99 14 9 32
99 84 45 64 47
19 20 84 86 93
17 63 82 1 52
42 40 56 19 33
99 25 72 56 92
69 5 50 73 94
92 71 98 34 35
35 16 25 82 17
41 13 12 51 24
9 56 35 51 14
89 93 27 25 47
31 86 96 35 34
20 44 61 22 99
2 33 12 15 71
84 52 58 72 91
2 64 92 53 42
37 96 44 59 33
99 73 9 20 77
71 77 12 36 61
77 68 30 82 91
99 86 50 17 91
5 47 37 12 30
56 52 73 32 62
64 6 83 52 86
70 40 30 66 80
91 80 92 63 35
83 81 57 64 1
76 5 91 92 29
17 79 83 21 6
25 66 51 45 58
92 5 20 52 91
91 50 47 64 44
1 34 49 85 64
43 94 8 65 58
99 21 64 45 90
96 5 69 7 4
45 78 89 76 61
100 12 84 62 74
8 81 38 9 85
25 70 85 9 4
5 59 39 56 88
59 68 3 60 15
11 48 16 17 94
74 70 5 61 66
11 91 42 15 3
45 44 96 57 93
90 65 95 97 76
55 39 48 72 28
79 27 2 16 48
23 35 70 84 5
23 77 47 59 34
63 17 66 42 76
38 66 50 86 45
50 25 66 24 71
39 78 6 41 21
90 45 30 8 36
71 41 89 10 25
90 69 34 62 17
5 85 14 25 42
99 56 37 61 1
53 12 19 97 12
45 25 96 98 76
18 42 45 16 26
22 59 46 90 85
56 5 15 56 72
9 54 24 52 43
32 13 66 37 9
12 54 82 98 80
66 32 61 53 62
90 63 15 79 69
52 25 17 14 26
53 60 32 34 29
84 31 34 71 52
81 59 86 21 34
22 8 54 60 48
93 60 46 81 7
74 63 26 40 7
49 54 57 78 18
13 79 67 76 62
70 5 63 20 36
73 70 94 26 29
19 98 60 98 33
49 60 74 45 91
30 98 37 87 50
38 6 25 71 45
3 37 64 13 63
99 26 5 59 89
33 10 4 74 80
14 55 16 1 89
19 19 50 7 27
72 43 59 97 36
12 86 8 29 34
17 6 34 99 36
52 15 94 92 60
96 54 7 52 43
10 66 15 25 87
45 95 36 36 36
94 80 91 82 48
31 10 4 29 68
36 89 11 7 4
94 38 23 57 94
36 54 48 5 98
25 20 58 64 79
37 72 50 30 8
86 56 20 42 99
18 87 81 31 64
24 75 8 71 58
51 17 9 38 50
32 64 73 37 85
28 69 71 36 83
4 88 12 93 97
28 67 82 7 27
67 76 66 95 18
34 18 67 43 2
70 65 74 41 2
11 97 7 43 1
86 46 95 18 68
67 90 43 63 18
82 4 86 60 97
98 73 38 27 75
21 38 71 100 53
6 42 5 96 98
64 8 42 87 3
77 48 21 56 88
7 64 12 82 78
28 5 77 90 89
77 18 25 99 25
22 1 3 25 8
39 65 61 3 48
60 78 39 6 36
91 54 33 87 31
16 26 82 21 42
73 18 66 42 17
7 78 30 71 59
6 74 72 98 47
23 98 75 20 36
1 12 58 85 36
81 84 68 31 50
58 86 53 25 66
33 92 91 21 18
46 48 37 49 43
92 54 60 12 32
20 40 81 85 82
100 23 80 60 91
37 93 13 50 55
22 46 47 15 66
19 53 91 9 69
36 11 35 55 28
18 4 11 74 31
58 13 52 50 99
36 11 29 99 46
72 95 15 67 55
74 11 85 83 100
58 32 8 84 8
60 12 52 34 22
49 19 47 28 41
32 50 83 13 59
81 9 73 93 59
38 20 78 58 21
30 31 60 32 91
55 76 95 89 61
18 42 50 51 3
31 92 36 78 48
98 26 36 72 18
79 21 98 40 56
57 26 51 61 96
3 34 51 24 40
24 57 80 35 61
67 77 64 70 17
55 42 73 55 28
72 29 7 30 95
16 57 99 15 33
27 94 88 45 15
86 33 100 80 73
42 30 6 89 36
65 50 30 81 24
70 69 98 37 95
15 78 17 9 98
46 85 81 80 52
4 47 42 72 64
76 24 66 85 53
36 89 92 94 16
32 93 94 64 98
94 9 89 56 52
45 6 99 74 36
44 35 10 42 92
98 44 9 8 2
24 89 95 86 67
70 82 33 39 27
50 68 34 5 78
55 87 75 84 67
9 60 49 35 31
25 69 16 39 44
6 93 72 1 60
44 3 39 74 6
13 2 32 37 32
76 3 47 2 96
94 54 19 95 22
78 68 83 26 34
77 99 70 6 12
51 69 88 72 54
35 1 46 83 4
98 89 87 41 58
37 75 57 75 17
76 92 51 43 82
17 30 52 2 40
25 31 74 96 73
51 28 84 48 75
30 21 38 15 4
70 48 80 93 30
25 90 89 99 91
38 82 100 74 40
79 65 54 54 57
63 76 11 96 16
22 90 29 93 92
69 67 51 41 37
45 65 36 67 23
78 81 92 25 1
50 78 87 71 56
73 46 55 38 78
41 20 54 32 46
45 16 51 80 88
67 91 85 49 82
71 78 53 50 92
57 81 27 42 82
84 50 32 87 56
39 45 90 71 63
91 3 42 26 69
69 73 83 34 9
65 91 76 65 47
4 88 38 24 62
4 5 14 16 20
51 47 9 4 98
20 56 40 76 86
29 65 56 10 33
38 75 97 77 2
6 86 29 18 74
16 46 27 82 92
55 21 83 32 70
1 32 51 89 44
23 68 5 31 52
79 5 15 73 50
38 21 7 48 43
99 79 45 59 28
78 51 27 53 51
50 41 50 33 37
48 64 6 63 95
83 99 96 27 79
68 75 3 63 84
13 51 36 71 66
81 66 81 70 69
67 87 88 17 56
14 12 74 26 79
57 60 90 51 15
98 19 12 14 60
80 5 42 72 34
18 2 2 94 92
35 88 85 99 57
71 67 11 48 33
24 3 73 62 4
22 3 90 55 98
39 91 12 55 36
91 55 80 28 100
81 76 22 99 30
80 64 92 24 29
68 97 69 36 85
40 46 41 49 56
1 28 34 63 61
69 26 16 82 24
53 36 96 17 4
60 7 68 46 83
56 18 18 37 1
17 33 70 79 14
22 24 70 14 61
51 70 63 77 55
3 15 85 31 68
100 84 4 19 20
79 36 47 100 29
94 1 11 81 70
40 49 82 87 15
44 83 67 39 85
69 1 32 18 64
30 28 21 90 32
38 26 44 28 64
38 83 77 7 52
79 86 5 89 34
2 18 21 33 68
48 98 13 53 66
86 44 24 58 7
31 39 67 99 70
97 90 100 89 8
34 87 13 94 60
59 76 28 77 70
45 12 40 33 99
60 43 59 82 25
42 81 49 47 48
29 64 11 56 80
90 31 90 32 96
36 69 33 76 91
59 93 46 16 20
22 55 76 6 77
93 46 68 61 76
38 81 46 51 2
67 56 2 92 82
53 95 100 57 98
1 85 77 12 95
61 55 11 91 75
49 18 81 70 82
91 83 42 40 86
16 59 56 18 5
56 20 41 73 10
75 27 61 19 79
96 79 11 15 3
14 73 1 81 92
17 80 81 32 82
51 34 11 43 29
70 77 87 42 85
34 24 78 64 94
28 75 75 75 87
12 29 68 99 32
50 49 13 36 41
60 74 70 58 4
12 52 2 13 96
59 66 100 59 40
29 85 65 71 94
45 11 71 94 49
22 36 92 59 21
37 19 84 86 24
90 47 7 75 78
90 81 84 32 66
56 37 92 14 61
15 65 57 47 41
61 55 36 4 34
55 42 72 71 60
94 20 94 78 22
70 33 47 3 75
23 58 60 91 12
60 87 6 33 74
51 23 29 68 37
4 35 97 19 26
16 32 82 6 52
23 28 67 81 25
55 7 18 26 71
46 76 81 49 59
17 10 86 46 72
1 31 27 31 10
97 6 27 17 79
46 16 79 61 65
8 21 53 83 53
75 80 75 29 61
35 35 67 30 47
6 12 36 25 49
30 19 6 52 73
51 8 6 98 65
53 35 39 25 10
27 4 73 80 96
10 57 92 81 64
13 53 24 81 87
28 27 40 2 94
31 44 9 22 92
91 96 60 71 67
92 10 49 93 19
7 14 10 75 20
27 81 59 53 23
32 78 98 48 50
25 23 88 3 12
45 71 43 97 63
86 50 35 92 41
93 67 50 55 27
69 13 95 79 52
10 2 81 16 22
82 58 45 84 53
95 11 27 56 97
80 69 60 88 98
19 84 86 85 59
73 5 99 60 41
98 43 31 55 28
72 51 92 43 34
76 74 12 54 35
44 33 52 33 72
41 61 24 47 66
90 60 64 11 37
46 13 38 19 93
19 34 12 55 19
1 49 29 7 95
71 96 3 51 17
98 33 35 94 21
51 65 62 85 95
82 97 20 8 35
36 2 38 11 96
29 98 45 97 30
5 5 16 2 76
76 49 39 98 6
17 78 91 68 61
85 48 86 38 31
74 42 40 17 85
87 19 49 86 81
72 68 79 31 90
63 97 98 76 50
33 69 72 27 88
33 2 32 97 63
7 84 17 47 60
91 9 79 50 85
71 34 92 89 65
67 70 45 70 22
23 74 26 63 5
17 64 100 32 90
77 16 68 10 12
78 10 93 86 72
52 41 68 45 11
78 8 51 59 76
98 13 5 2 20
22 75 80 54 63
87 90 48 11 20
26 57 99 3 83
70 76 80 64 10
39 51 91 22 58
30 6 61 97 75
70 9 84 1 49
38 21 34 21 100
75 40 45 38 40
98 37 97 55 94
77 39 89 61 16
43 3 23 32 86
89 37 57 55 51
11 79 53 17 28
34 55 2 75 38
22 80 96 52 75
98 27 44 56 81
8 16 69 70 18
17 74 26 22 48
47 10 34 85 17
72 71 28 68 73
24 74 24 32 24
64 70 55 100 76
59 73 87 43 25
7 71 54 83 23
88 63 30 17 56
14 49 59 68 7
86 19 20 38 23
9 62 29 55 88
60 30 3 1 18
12 14 16 50 100
14 90 79 13 98
24 58 47 14 58
84 12 34 91 55
81 49 42 68 60
37 95 75 73 20
28 21 14 68 5
93 15 14 41 62
79 78 86 93 27
71 13 43 8 97
37 4 64 78 41
49 47 19 79 94
30 50 80 72 84
19 71 75 86 44
15 78 10 47 70
64 26 86 97 58
61 65 74 54 93
24 79 21 94 22
39 25 56 85 32
36 48 76 34 25
26 28 26 74 71
19 73 32 75 51
45 88 99 47 24
38 47 38 47 23
1 34 45 92 17
94 65 9 3 41
50 96 2 92 99
64 9 1 81 12
87 64 88 7 97
22 23 82 66 61
35 100 87 61 64
32 78 41 44 63
1 58 14 90 69
70 95 77 74 28
89 72 23 94 88
45 90 49 16 54
80 42 35 80 78
15 58 42 30 30
30 84 51 94 91
12 42 60 10 36
48 62 82 3 52
19 94 79 84 62
8 41 21 4 74
58 2 98 65 29
3 16 96 8 57
9 62 79 8 57
14 71 12 41 15
71 6 30 79 49
63 69 98 38 15
20 2 68 15 43
60 6 46 1 95
61 45 20 65 22
27 35 69 62 9
58 33 38 75 25
100 64 55 62 86
6 50 47 14 45
31 8 56 9 79
50 54 68 81 45
57 9 35 92 68
6 91 53 11 69
55 84 7 87 9
25 19 56 56 100
73 53 100 46 42
82 16 28 34 2
11 55 5 31 63
85 42 24 35 34
33 18 43 14 86
58 31 67 100 72
64 29 9 53 79
2 52 5 48 81
38 74 18 74 63
33 14 87 88 80
49 40 2 50 44
76 89 73 67 73
7 36 50 74 98
38 15 65 23 77
67 35 6 100 15
2 57 45 82 39
96 80 74 1 80
43 6 69 73 9
55 45 44 86 23
66 65 97 32 98
9 7 86 22 45
59 20 75 90 50
68 52 33 96 49
4 83 83 62 9
62 15 55 77 9
99 4 75 10 20
61 72 19 44 52
27 85 92 14 27
80 81 46 13 63
57 44 3 73 39
74 49 55 84 24
20 24 77 63 79
26 8 22 84 90
6 43 30 98 96
7 57 62 90 10
22 93 82 69 71
98 26 5 18 62
26 100 63 34 60
50 95 70 97 35
31 40 15 76 10
19 31 17 39 12
78 59 94 13 75
26 48 15 71 51
39 48 76 100 46
80 45 2 32 18
20 77 86 67 80
35 85 44 45 95
71 89 37 51 70
86 78 29 72 89
35 72 56 57 15
18 100 88 92 25
64 91 69 16 76
17 50 44 63 69
77 52 18 29 30
61 99 89 32 33
25 96 24 98 88
39 26 97 8 48
27 11 19 38 26
37 58 8 9 10
85 30 98 98 24
12 81 90 45 86
8 37 52 92 50
55 4 5 22 45
90 30 81 69 28
54 86 11 40 18
31 14 52 86 47
99 35 34 57 30
9 97 40 46 22
38 34 5 6 26
32 1 60 60 33
93 41 95 100 78
27 7 67 2 21
30 69 16 20 36
16 72 11 2 32
85 85 33 42 64
33 92 26 24 68
58 16 62 9 70
29 54 13 97 69
22 78 29 76 97
44 33 92 93 29
29 13 83 77 87
54 85 83 50 67
1 44 45 47 15
85 100 99 78 44
87 63 92 66 91
7 20 95 29 17
95 73 87 32 97
61 29 26 85 61
80 57 33 47 21
40 50 58 3 30
16 90 89 58 56
47 58 44 76 63
79 27 73 97 40
79 79 79 23 39
28 58 38 25 69
2 54 94 29 34
63 80 57 21 77
72 63 61 76 9
73 26 97 35 35
50 13 52 26 89
38 30 81 20 42
52 98 51 54 41
71 37 66 37 37
74 80 30 48 9
82 100 29 80 3
67 50 16 61 23
24 25 66 40 35
55 90 29 75 18
80 85 28 94 20
19 87 9 3 9
6 82 78 42 83
87 53 9 59 19
15 65 8 25 86
100 86 89 54 4
97 95 18 15 25
79 41 34 90 87
65 6 94 63 77
19 33 33 41 72
63 86 85 28 97
95 40 78 76 29
11 80 59 27 52
1 56 46 18 38
50 45 41 48 34
52 29 46 90 23
61 93 26 62 92
77 32 35 31 20
5 68 68 15 51
11 14 32 83 71
20 87 26 96 99
92 100 92 78 36
37 7 81 100 35
22 79 67 57 78
31 82 82 71 30
68 28 12 99 33
44 70 56 39 60
39 91 92 16 67
28 8 98 27 97
24 21 90 3 33
80 72 33 57 94
58 18 76 80 22
88 55 82 17 47
56 63 64 66 7
11 24 70 12 21
54 15 54 73 66
35 34 87 33 87
99 34 54 55 81
99 23 54 4 89
29 61 93 79 27
17 81 83 49 36
82 39 18 84 70
80 78 89 84 10
2 7 15 44 4
91 30 93 2 100
88 99 44 13 20
64 5 66 50 25
8 47 1 66 63
65 71 79 15 45
83 44 26 69 6
77 48 2 57 32
3 61 89 7 12
54 9 49 76 58
19 19 12 26 1
70 40 74 55 18
4 46 11 55 46
16 16 62 95 79
82 46 64 79 18
37 26 71 30 63
4 21 43 18 96
6 7 55 6 28
81 57 49 58 34
6 87 9 32 7
92 9 23 1 27
95 98 67 3 41
99 40 5 80 24
26 41 76 96 35
34 43 89 11 94
28 2 17 34 75
11 19 86 6 31
22 15 59 18 96
87 76 47 17 21
80 34 5 7 66
20 22 8 85 35
27 36 23 7 56
34 35 32 37 43
83 7 15 96 77
6 12 66 63 75
65 23 29 89 86
42 97 90 33 66
64 24 50 87 21
23 40 45 85 63
85 42 74 28 84
22 80 16 89 67
41 23 7 39 89
84 13 27 62 96
30 7 53 23 27
35 74 78 13 33
99 60 97 61 3
73 78 86 20 58
64 26 6 53 24
82 58 45 87 88
100 86 12 77 18
49 52 84 16 71
58 86 14 21 59
79 8 79 92 67
62 66 16 98 92
26 96 24 90 57
94 44 26 87 34
5 74 88 36 91
92 47 6 28 70
81 80 84 77 23
1 1 90 14 98
100 48 51 69 40
6 76 34 95 99
15 90 74 59 2
98 6 1 33 62
18 59 15 94 70
55 24 24 91 50
32 86 77 82 95
20 63 9 89 57
47 21 50 92 54
65 26 42 92 54
19 39 28 18 57
31 50 4 69 36
20 82 8 91 25
75 71 55 38 51
1 33 1 37 5
12 96 60 57 30
81 12 42 76 2
82 49 10 28 69
100 45 10 13 23
93 9 92 52 35
54 71 18 31 12
30 69 75 94 96
36 71 75 15 28
72 90 12 51 63
40 80 74 23 24
35 4 71 90 61
68 53 58 26 27
62 66 94 10 82
52 74 4 80 31
94 25 81 28 64
81 56 42 12 38
49 43 58 36 83
5 76 35 70 52
46 67 42 92 64
45 65 12 91 11
61 74 5 93 90
29 69 76 17 7
14 26 12 21 54
77 77 65 19 91
29 24 3 93 16
48 56 26 73 66
99 17 5 89 27
93 34 38 45 28
4 76 15 72 26
11 7 35 78 64
94 78 41 60 16
73 80 71 97 42
57 40 63 83 14
30 48 88 38 59
76 82 34 40 25
51 54 90 61 55
95 26 76 99 8
58 62 64 34 32
79 19 41 44 39
82 95 94 32 70
25 75 15 44 91
68 16 14 50 52
88 24 74 14 79
44 89 78 76 17
21 14 71 81 35
54 99 85 10 19
55 16 17 23 73
18 85 95 84 88
66 72 66 52 45
25 33 50 35 9
48 51 34 51 41
40 62 72 91 39
76 49 75 88 53
41 14 42 4 1
75 44 27 71 100
19 88 9 70 38
82 80 72 47 97
61 44 36 82 45
77 85 8 60 67
19 84 15 36 87
65 92 60 92 98
72 93 97 43 31
46 23 36 47 55
27 83 28 76 87
74 50 47 45 13
17 94 46 71 60
75 60 8 98 16
22 46 76 61 92
51 37 96 71 91
91 84 77 30 22
56 25 58 59 90
37 42 90 53 77
29 28 66 46 88
56 81 69 17 91
48 13 31 91 91
20 81 46 21 7
61 45 59 17 68
77 41 18 15 50
6 93 8 16 34
38 76 78 54 56
39 75 53 48 68
44 40 100 87 30
35 16 11 63 73
11 62 73 90 86
23 53 86 61 14
21 5 100 81 55
100 76 9 90 40
9 62 44 62 80
94 11 37 20 90
65 70 31 67 22
12 18 64 4 81
5 6 34 98 93
98 4 46 28 90
60 71 41 57 10
97 32 59 30 61
82 15 33 19 69
94 11 82 69 95
85 31 80 12 81
28 10 75 19 86
79 56 58 78 38
17 19 93 99 50
7 13 16 86 69
61 12 61 93 74
87 95 68 24 76
86 65 60 1 45
86 49 29 43 88
10 19 18 81 44
29 52 70 41 48
4 3 64 73 12
91 73 32 6 93
67 61 39 51 68
82 5 61 5 90
64 82 14 61 37
48 26 26 23 68
13 7 89 41 11
95 19 30 84 96
33 84 38 73 28
47 55 64 31 40
9 64 99 71 81
84 100 57 19 86
35 26 75 9 93
82 75 19 64 18
85 50 54 43 28
67 82 91 55 40
85 25 94 8 20
73 4 89 40 19
7 37 5 30 6
66 71 99 49 93
62 30 59 39 24
47 38 82 37 96
61 28 49 41 14
78 37 26 62 33
46 40 14 69 63
28 82 75 9 67
35 76 95 24 100
73 10 92 85 81
64 54 24 66 66
71 68 91 59 68
33 61 1 45 93
99 96 20 86 34
71 7 1 10 49
46 21 82 87 47
90 13 73 20 72
69 7 93 32 96
95 69 95 49 34
89 99 31 79 76
32 84 99 62 56
96 73 88 22 16
18 36 59 75 85
69 23 85 86 22
33 5 67 40 9
43 58 61 6 18
73 11 52 58 28
96 5 32 92 24
74 51 95 77 96
56 41 80 97 46
10 64 6 19 33
56 99 64 50 56
65 32 2 30 86
33 56 74 59 61
35 92 27 93 89
97 37 20 31 34
77 27 16 18 66
30 27 43 43 66
26 1 14 35 76
17 14 61 14 46
69 84 68 69 94
99 2 90 15 93
31 38 59 53 4
56 24 23 26 78
23 17 95 57 56
60 64 12 69 75
26 59 78 47 43
87 71 82 27 93
65 100 31 72 89
38 40 34 99 56
65 16 65 71 85
26 86 56 7 31
12 72 29 56 46
20 91 47 21 95
65 13 75 11 28
27 85 3 17 93
58 85 34 52 65
10 28 86 73 90
84 83 98 36 90
88 13 8 50 22
11 47 65 14 73
40 1 24 99 16
7 4 69 15 35
74 26 23 84 74
34 60 12 10 75
30 82 9 92 69
89 98 89 69 97
31 75 52 41 42
100 65 94 16 49
90 73 95 55 99
6 90 24 17 68
99 19 74 26 59
57 20 51 46 85
41 32 32 29 77
28 11 38 49 2
83 29 44 73 73
63 20 40 54 27
90 39 88 74 13
84 49 64 95 90
87 3 81 23 73
12 73 36 15 22
84 3 64 17 67
38 70 93 74 53
64 80 50 69 9
84 33 88 54 67
40 42 16 67 63
87 95 87 100 26
79 55 47 46 85
31 70 87 48 94
92 77 77 71 26
93 57 94 46 87
77 5 39 48 91
67 40 67 43 53
19 13 4 87 5
75 55 72 22 25
81 9 9 15 22
84 47 6 69 65
93 24 6 71 100
33 97 40 27 79
73 70 76 92 39
90 7 23 55 90
75 88 33 61 100
46 40 73 49 15
30 12 1 14 3
12 41 8 18 78
67 49 98 41 41
59 7 11 70 69
6 21 58 26 84
92 25 8 100 84
27 31 63 86 79
87 31 80 21 58
59 51 58 46 47
36 6 91 24 30
97 79 78 66 21
47 77 52 13 10
3 48 49 10 99
9 39 34 82 99
92 88 29 67 4
34 35 32 89 17
90 84 11 8 95
37 74 41 64 61
79 1 75 30 20
43 26 20 85 48